BPF1 Coefficient
-109 
227 
69 
407 
-89 
-343 
391 
162 
-528 
156 
359 
-276 
-61 
10 
62 
351 
-542 
-276 
1076 
-374 
-1034 
1017 
354 
-936 
193 
190 
183 
227 
-1254 
540 
1771 
-2044 
-845 
2764 
-806 
-1821 
1363 
288 
-14 
-317 
-1724 
2615 
1317 
-5132 
1780 
4925 
-4876 
-1711 
4564 
-960 
-940 
-1003 
-1250 
7173 
-3256 
-11348 
14167 
6451 
-23980 
8252 
23429 
-24784 
-9787 
32016 
-9787 
-24784 
23429 
8252 
-23980 
6451 
14167 
-11348 
-3256 
7173 
-1250 
-1003 
-940 
-960 
4564 
-1711 
-4876 
4925 
1780 
-5132 
1317 
2615 
-1724 
-317 
-14 
288 
1363 
-1821 
-806 
2764 
-845 
-2044 
1771 
540 
-1254 
227 
183 
190 
193 
-936 
354 
1017 
-1034 
-374 
1076 
-276 
-542 
351 
62 
10 
-61 
-276 
359 
156 
-528 
162 
391 
-343 
-89 
407 
69 
227 
-109 

BPF2 Coefficient
302 
198 
4 
-206 
328 
-278 
28 
308 
-535 
502 
-244 
-38 
125 
12 
-180 
104 
301 
-809 
1008 
-636 
-175 
933 
-1162 
773 
-172 
-88 
-218 
722 
-750 
-98 
1487 
-2500 
2299 
-850 
-967 
1980 
-1667 
602 
-8 
659 
-2099 
2841 
-1578 
-1577 
4861 
-6036 
4124 
-347 
-2687 
3013 
-1057 
-524 
-1008 
5805 
-10522 
10230 
-2204 
-11178 
22802 
-24835 
13951 
5741 
-24404 
32020 
-24404 
5741 
13951 
-24835 
22802 
-11178 
-2204 
10230 
-10522 
5805 
-1008 
-524 
-1057 
3013 
-2687 
-347 
4124 
-6036 
4861 
-1577 
-1578 
2841 
-2099 
659 
-8 
602 
-1667 
1980 
-967 
-850 
2299 
-2500 
1487 
-98 
-750 
722 
-218 
-88 
-172 
773 
-1162 
933 
-175 
-636 
1008 
-809 
301 
104 
-180 
12 
125 
-38 
-244 
502 
-535 
308 
28 
-278 
328 
-206 
4 
198 
302 


Decimation LPF Coefficient
0 
-1 
0 
-1 
1 
-2 
2 
-3 
3 
-5 
6 
-8 
9 
-12 
14 
-18 
20 
-25 
28 
-34 
39 
-46 
52 
-61 
68 
-78 
87 
-99 
109 
-123 
135 
-150 
164 
-181 
196 
-214 
231 
-251 
269 
-289 
308 
-329 
349 
-370 
390 
-412 
431 
-452 
471 
-491 
508 
-526 
542 
-559 
572 
-586 
597 
-609 
617 
-625 
630 
-635 
637 
29361 
637 
-635 
630 
-625 
617 
-609 
597 
-586 
572 
-559 
542 
-526 
508 
-491 
471 
-452 
431 
-412 
390 
-370 
349 
-329 
308 
-289 
269 
-251 
231 
-214 
196 
-181 
164 
-150 
135 
-123 
109 
-99 
87 
-78 
68 
-61 
52 
-46 
39 
-34 
28 
-25 
20 
-18 
14 
-12 
9 
-8 
6 
-5 
3 
-3 
2 
-2 
1 
-1 
0 
-1 
0 

